          %number  a     b     c     pgmax     pgmin
generation = [1    561    7.92    0.001562     620  0
              2    310    7.85    0.001940    600  0
              3    78     7.97    0.004820    500  0
              4    350    7.52    0.001540    600  0
              5    110    7.48    0.001840    600  0
              6    210    7.87    0.001910    600  0
              7    410    7.88    0.001840    600  0
              8    370    7.85    0.001880    600  0
              9    340    7.96    0.001940    600  0
              10    380    7.95    0.001870    600  0
              11   270    7.75    0.001840    600  0];
          

 B=1e-4*[0.0676 0.00953 -0.00507
          0.00953 0.0521 0.00901
          -0.00507 0.00901 0.0294];
 B1=1e-2*[1.079 0.5 0.6];
 B0=0.040357;